+595984575568
+595972514544
+595981286468
+595981451696
+595982151206
+595971325412
+595985973071
+595982854241
+595961845361
+595972732228
+595982996662
+595992649283
+595992431561
+595991966564
+595994563763
+595981734534
+595984136998
+595961706128
+595994279348
+595981212768
+595982405183
+595986542691
+595994888911
+595984512411
+595994214966
+595994671754
+595981817216
+595982594466
+595986611364
+595961322697
+595972485279
+595991314607
+595993582263
+595982997928
+595992267893
+595992676227
+595972565175
+595971568353
+595981969376
+595982988860
+595971766045
+595982738700
+595984502858
+595981205212
+595985314850
+595984244942
+595986776527
+595972153777
+595981375854
+595991650149
